archivoAleatorio1.txt_128:1.5859954357147217
archivoAleatorio2.txt_128:1.5760188102722168
archivoAleatorio3.txt_128:1.6069958209991455
archivoAleatorio4.txt_128:1.7020223140716553
archivoAleatorio5.txt_128:1.7300209999084473
Cyberduck-Installer-7.2.5.32097.exe_128:0.5230000019073486
jre-8u241-windows-x64.exe_128:0.7145788669586182
Skype-8.58.0.93.exe_128:0.7470004558563232
Teams_x64.exe:1.084001064300537
VSCodeUserSetup-x64-1.43.0.exe_128:0.5570006370544434
Zero Knowledge Proofs.pdf_128:0.013999462127685547
archivoAleatorio1.txt_192:1.3209986686706543
archivoAleatorio2.txt_192:1.5109977722167969
archivoAleatorio3.txt_192:1.527015209197998
archivoAleatorio4.txt_192:1.7509922981262207
archivoAleatorio5.txt_192:1.5839943885803223
Cyberduck-Installer-7.2.5.32097.exe_192:0.38414502143859863
jre-8u241-windows-x64.exe_192:0.7830095291137695
Skype-8.58.0.93.exe_192:0.7830038070678711
Teams_x64.exe:1.148989200592041
VSCodeUserSetup-x64-1.43.0.exe_192:0.39202380180358887
Zero Knowledge Proofs.pdf_192:0.014999628067016602
archivoAleatorio1.txt_256:1.8849966526031494
archivoAleatorio2.txt_256:1.9200010299682617
archivoAleatorio3.txt_256:1.4519996643066406
archivoAleatorio4.txt_256:1.5699999332427979
archivoAleatorio5.txt_256:2.0229997634887695
Cyberduck-Installer-7.2.5.32097.exe_256:0.6170008182525635
jre-8u241-windows-x64.exe_256:0.8489985466003418
Skype-8.58.0.93.exe_256:0.8659994602203369
Teams_x64.exe:1.2569868564605713
VSCodeUserSetup-x64-1.43.0.exe_256:0.6080029010772705
Zero Knowledge Proofs.pdf_256:0.016000032424926758
