archivoAleatorio1.txt_128:1.061000108718872
archivoAleatorio2.txt_128:1.0720176696777344
archivoAleatorio3.txt_128:1.090001106262207
archivoAleatorio4.txt_128:0.9749977588653564
archivoAleatorio5.txt_128:1.0890116691589355
Cyberduck-Installer-7.2.5.32097.exe_128:0.33500027656555176
jre-8u241-windows-x64.exe_128:0.44598889350891113
Skype-8.58.0.93.exe_128:0.5089993476867676
Teams_x64.exe:0.726999044418335
VSCodeUserSetup-x64-1.43.0.exe_128:0.3510000705718994
Zero Knowledge Proofs.pdf_128:0.01399993896484375
archivoAleatorio1.txt_192:0.8429791927337646
archivoAleatorio2.txt_192:1.1309876441955566
archivoAleatorio3.txt_192:0.7979826927185059
archivoAleatorio4.txt_192:0.9600157737731934
archivoAleatorio5.txt_192:1.1109869480133057
Cyberduck-Installer-7.2.5.32097.exe_192:0.3450007438659668
jre-8u241-windows-x64.exe_192:0.39299845695495605
Skype-8.58.0.93.exe_192:0.34499692916870117
Teams_x64.exe:0.7320003509521484
VSCodeUserSetup-x64-1.43.0.exe_192:0.2520010471343994
Zero Knowledge Proofs.pdf_192:0.013000249862670898
archivoAleatorio1.txt_256:0.7520003318786621
archivoAleatorio2.txt_256:1.1749992370605469
archivoAleatorio3.txt_256:1.2100074291229248
archivoAleatorio4.txt_256:1.268984317779541
archivoAleatorio5.txt_256:1.269002914428711
Cyberduck-Installer-7.2.5.32097.exe_256:0.3069877624511719
jre-8u241-windows-x64.exe_256:0.4810004234313965
Skype-8.58.0.93.exe_256:0.5330016613006592
Teams_x64.exe:0.758997917175293
VSCodeUserSetup-x64-1.43.0.exe_256:0.3260214328765869
Zero Knowledge Proofs.pdf_256:0.01600933074951172
