archivoAleatorio1.txt_3072:1.1660001277923584
archivoAleatorio2.txt_3072:1.3599960803985596
archivoAleatorio3.txt_3072:1.227997064590454
archivoAleatorio4.txt_3072:1.5269970893859863
archivoAleatorio5.txt_3072:1.346994400024414
Cyberduck-Installer-7.2.5.32097.exe_3072:0.5659997463226318
jre-8u241-windows-x64.exe_3072:0.7860231399536133
Skype-8.58.0.93.exe_3072:0.7250003814697266
Teams_x64.exe:0.934995174407959
VSCodeUserSetup-x64-1.43.0.exe_3072:0.6159992218017578
Zero Knowledge Proofs.pdf_3072:0.05101323127746582
archivoAleatorio1.txt_7680:1.4300241470336914
archivoAleatorio2.txt_7680:1.9869985580444336
archivoAleatorio3.txt_7680:1.984006643295288
archivoAleatorio4.txt_7680:1.9190208911895752
archivoAleatorio5.txt_7680:2.1710214614868164
Cyberduck-Installer-7.2.5.32097.exe_7680:0.7320339679718018
jre-8u241-windows-x64.exe_7680:1.3289954662322998
Skype-8.58.0.93.exe_7680:1.3419983386993408
Teams_x64.exe:1.3920059204101562
VSCodeUserSetup-x64-1.43.0.exe_7680:1.1860010623931885
Zero Knowledge Proofs.pdf_7680:0.6300222873687744
archivoAleatorio1.txt_15380:5.405998229980469
archivoAleatorio2.txt_15380:4.925995826721191
archivoAleatorio3.txt_15380:3.16105318069458
archivoAleatorio4.txt_15380:5.874006032943726
archivoAleatorio5.txt_15380:4.84199595451355
Cyberduck-Installer-7.2.5.32097.exe_15380:4.110990285873413
jre-8u241-windows-x64.exe_15380:4.249996185302734
Skype-8.58.0.93.exe_15380:5.0312676429748535
Teams_x64.exe:5.233993291854858
VSCodeUserSetup-x64-1.43.0.exe_15380:5.412006855010986
Zero Knowledge Proofs.pdf_15380:4.776015281677246
