archivoAleatorio1.txt_3072:1.369018793106079
archivoAleatorio2.txt_3072:1.1789884567260742
archivoAleatorio3.txt_3072:1.2759971618652344
archivoAleatorio4.txt_3072:1.1009979248046875
archivoAleatorio5.txt_3072:1.1839962005615234
Cyberduck-Installer-7.2.5.32097.exe_3072:0.5319912433624268
jre-8u241-windows-x64.exe_3072:0.6880021095275879
Skype-8.58.0.93.exe_3072:0.6109991073608398
Teams_x64.exe:0.9269990921020508
VSCodeUserSetup-x64-1.43.0.exe_3072:0.5630018711090088
Zero Knowledge Proofs.pdf_3072:0.004999399185180664
archivoAleatorio1.txt_7680:0.9910140037536621
archivoAleatorio2.txt_7680:1.4010124206542969
archivoAleatorio3.txt_7680:1.1530132293701172
archivoAleatorio4.txt_7680:1.0249967575073242
archivoAleatorio5.txt_7680:1.5440130233764648
Cyberduck-Installer-7.2.5.32097.exe_7680:0.524998664855957
jre-8u241-windows-x64.exe_7680:0.6060812473297119
Skype-8.58.0.93.exe_7680:0.42999958992004395
Teams_x64.exe:0.8919987678527832
VSCodeUserSetup-x64-1.43.0.exe_7680:0.3619987964630127
Zero Knowledge Proofs.pdf_7680:0.008999824523925781
archivoAleatorio1.txt_15380:1.0060091018676758
archivoAleatorio2.txt_15380:1.1769979000091553
archivoAleatorio3.txt_15380:1.4399902820587158
archivoAleatorio4.txt_15380:1.5410168170928955
archivoAleatorio5.txt_15380:1.5320022106170654
Cyberduck-Installer-7.2.5.32097.exe_15380:0.5210003852844238
jre-8u241-windows-x64.exe_15380:0.757997989654541
Skype-8.58.0.93.exe_15380:0.7130095958709717
Teams_x64.exe:0.985004186630249
VSCodeUserSetup-x64-1.43.0.exe_15380:0.5839989185333252
Zero Knowledge Proofs.pdf_15380:0.02399897575378418
